%YAML:1.0
cameraMatrix: !!opencv-matrix
   rows: 3
   cols: 3
   dt: d
   data: [ 1.0614528540637927e+03, 0., 9.7690534401085558e+02, 0.,
       1.0597729630911650e+03, 5.2724974302356529e+02, 0., 0., 1. ]
distortionCoefficients: !!opencv-matrix
   rows: 1
   cols: 5
   dt: d
   data: [ 5.9360108008991816e-02, -6.2758287999836640e-02,
       -1.5766859436148536e-03, -1.1502971845708829e-03,
       7.7657531491476016e-03 ]
rotation: !!opencv-matrix
   rows: 3
   cols: 3
   dt: d
   data: [ 1., 0., 0., 0., 1., 0., 0., 0., 1. ]
projection: !!opencv-matrix
   rows: 4
   cols: 4
   dt: d
   data: [ 1.0649630130803581e+03, 0., 9.8883110303857927e+02, 0., 0.,
       1.0746668700656350e+03, 5.2878412408512770e+02, 0., 0., 0., 1.,
       0., 0., 0., 0., 1. ]
