%YAML:1.0
cameraMatrix: !!opencv-matrix
   rows: 3
   cols: 3
   dt: d
   data: [ 3.6274270500000074e+02, 0., 2.5256018300000008e+02, 0.,
       3.6386240200000017e+02, 2.1100607400000000e+02, 0., 0., 1. ]
distortionCoefficients: !!opencv-matrix
   rows: 1
   cols: 5
   dt: d
   data: [ 1.0952761399998089e-01, -3.1461678804886056e-01,
       -1.2613602146463686e-03, -7.1815538262097348e-04,
       1.2565382780717374e-01 ]
rotation: !!opencv-matrix
   rows: 3
   cols: 3
   dt: d
   data: [ 1., 0., 0., 0., 1., 0., 0., 0., 1. ]
projection: !!opencv-matrix
   rows: 4
   cols: 4
   dt: d
   data: [ 3.6024386600000000e+02, 0., 2.5221128400000004e+02, 0., 0.,
       3.6566174300000073e+02, 2.1097122900000042e+02, 0., 0., 0., 1.,
       0., 0., 0., 0., 1. ]
