%YAML:1.0
cameraMatrix: !!opencv-matrix
   rows: 3
   cols: 3
   dt: d
   data: [ 1.0613628130000927e+03, 0., 9.6995787900005558e+02, 0.,
       1.0635930710000050e+03, 5.2619920200000029e+02, 0., 0., 1. ]
distortionCoefficients: !!opencv-matrix
   rows: 1
   cols: 5
   dt: d
   data: [ 5.9360108008991816e-02, -6.2758287999836640e-02,
       -1.5766859436148536e-03, -1.1502971845708829e-03,
       7.7657531491476016e-03 ]
rotation: !!opencv-matrix
   rows: 3
   cols: 3
   dt: d
   data: [ 1., 0., 0., 0., 1., 0., 0., 0., 1. ]
projection: !!opencv-matrix
   rows: 4
   cols: 4
   dt: d
   data: [ 1.0680028080000001e+03, 0., 9.7243691600000027e+02, 0., 0.,
       1.0813526610000350e+03, 5.2515576500002770e+02, 0., 0., 0., 1.,
       0., 0., 0., 0., 1. ]
